0.08 0.066 -0.00549779 0.225 0.0739932 0.298993 9
0.066 0.08 0.00549779 0.225 0.0739932 0.298993 9
0.066 0.08 -0.00549779 0.225 0.0739932 0.298993 9
0.07 0.09 0.00549779 0.225 0.0611351 0.286135 9
0.08 0.094 0.00549779 0.225 0.044441 0.269441 9
0.08 0.094 -0.00549779 0.225 0.044441 0.269441 9
0.09 0.09 0.00549779 0.225 0.0351781 0.260178 9
0.09 0.09 0 0.225 0.025 0.25 9
0.09 0.09 -0.00549779 0.225 0.0351781 0.260178 9
0.094 0.08 0 0.225 0.0369121 0.261912 9
0.094 0.08 -0.00549779 0.225 0.044441 0.269441 9
0.08 0.06 0 0.2 0.0790569 0.279057 8
0.07 0.056 0.00549779 0.2 0.0973396 0.29734 8
0.07 0.056 0 0.2 0.0941409 0.294141 8
0.056 0.07 0 0.2 0.0941409 0.294141 8
0.06 0.08 0 0.2 0.0790569 0.279057 8
0.06 0.08 -0.00549779 0.2 0.0828402 0.28284 8
0.07 0.084 0.00549779 0.2 0.065 0.265 8
0.08 0.08 0 0.2 0.05 0.25 8
0.07 0.09 -0.00549779 0.225 0.0611351 0.286135 9
0.08 0.08 -0.00549779 0.2 0.0557898 0.25579 8
0.084 0.07 0 0.2 0.0601041 0.260104 8
0.07 0.05 0.00549779 0.175 0.106007 0.281007 7
0.07 0.09 0 0.225 0.0559017 0.280902 9
0.07 0.05 0 0.175 0.103078 0.278078 7
0.07 0.05 -0.00549779 0.175 0.106007 0.281007 7
0.05 0.07 0.00549779 0.175 0.106007 0.281007 7
0.05 0.07 0 0.175 0.103078 0.278078 7
0.06 0.074 0 0.175 0.0843356 0.259336 7
0.08 0.06 0.00549779 0.2 0.0828402 0.28284 8
0.07 0.07 0.00549779 0.175 0.0789778 0.253978 7
0.08 0.06 -0.00549779 0.2 0.0828402 0.28284 8
0.07 0.07 -0.00549779 0.175 0.0789778 0.253978 7
0.08 0.066 0 0.225 0.0697316 0.294732 9
0.074 0.06 0.00549779 0.175 0.087892 0.262892 7
0.06 0.04 0.00549779 0.15 0.129856 0.279856 6
0.06 0.04 -0.00549779 0.15 0.129856 0.279856 6
0.06 0.08 0.00549779 0.2 0.0828402 0.28284 8
0.02 0.034 -0.00549779 0.075 0.185 0.26 3
0.05 0.036 0.00549779 0.15 0.145688 0.295688 6
0.03 0.03 0.00549779 0.075 0.176741 0.251741 3
0.034 0.02 0.00549779 0.075 0.185 0.26 3
0.07 0.084 0 0.2 0.0601041 0.260104 8
0.06 0.04 0 0.15 0.127475 0.277475 6
0.034 0.02 0 0.075 0.183337 0.258337 3
0.084 0.07 0.00549779 0.2 0.065 0.265 8
0.03 0.044 -0.00549779 0.1 0.16039 0.26039 4
0.01 0.03 0 0.075 0.201556 0.276556 3
0.02 0 0.00549779 0.05 0.227733 0.277733 2
0 -0.014 -0.00549779 0.025 0.269212 0.294212 1
0.04 0.054 0.00549779 0.125 0.135923 0.260923 5
0.064 0.05 -0.00549779 0.15 0.111692 0.261692 6
0 0.014 0 0.025 0.233158 0.258158 1
0.01 0.03 -0.00549779 0.075 0.20307 0.27807 3
0.04 0.04 -0.00549779 0.1 0.152028 0.252028 4
0.01 -0.004 0.00549779 0.05 0.244387 0.294387 2
-0.004 0.01 0.00549779 0.05 0.244387 0.294387 2
0.01 -0.004 0 0.05 0.243131 0.293131 2
0.024 0.01 -0.00549779 0.05 0.209702 0.259702 2
0.01 -0.004 -0.00549779 0.05 0.244387 0.294387 2
0.02 0 0 0.05 0.226385 0.276385 2
0.01 0.024 -0.00549779 0.05 0.209702 0.259702 2
-0.004 0.01 0 0.05 0.243131 0.293131 2
0.06 0.074 -0.00549779 0.175 0.087892 0.262892 7
0.01 0.024 0.00549779 0.05 0.209702 0.259702 2
0.05 0.03 -0.00549779 0.125 0.15407 0.27907 5
-0.01 0.01 0 0.025 0.251247 0.276247 1
0.06 0.046 -0.00549779 0.175 0.121347 0.296347 7
0.02 0.02 -0.00549779 0.05 0.201525 0.251525 2
0 0.014 -0.00549779 0.025 0.234467 0.259467 1
0.02 0 -0.00549779 0.05 0.227733 0.277733 2
0.04 0.054 -0.00549779 0.125 0.135923 0.260923 5
0.03 0.044 0 0.1 0.158469 0.258469 4
0.074 0.06 0 0.175 0.0843356 0.259336 7
0.026 0.04 0.00549779 0.125 0.17022 0.29522 5
0.036 0.05 0 0.15 0.143571 0.293571 6
0.09 0.07 0.00549779 0.225 0.0611351 0.286135 9
0.01 0.01 0.00549779 0.025 0.226357 0.251357 1
0.06 0.074 0.00549779 0.175 0.087892 0.262892 7
0 0 -0.00549779 0.05 0.251222 0.301222 2
0.09 0.07 0 0.225 0.0559017 0.280902 9
0.01 0.01 0 0.025 0.225 0.25 1
0.044 0.03 -0.00549779 0.1 0.16039 0.26039 4
0.05 0.064 0 0.15 0.108915 0.258915 6
0.09 0.07 -0.00549779 0.225 0.0611351 0.286135 9
0.01 0.01 -0.00549779 0.025 0.226357 0.251357 1
0 0.02 0 0.05 0.226385 0.276385 2
0.07 0.084 -0.00549779 0.2 0.065 0.265 8
0.014 0 0.00549779 0.025 0.234467 0.259467 1
0.05 0.07 -0.00549779 0.175 0.106007 0.281007 7
0.03 0.016 -0.00549779 0.1 0.194872 0.294872 4
0.034 0.02 -0.00549779 0.075 0.185 0.26 3
0.084 0.07 -0.00549779 0.2 0.065 0.265 8
0.02 0.034 0 0.075 0.183337 0.258337 3
0 0 0.00549779 0.05 0.251222 0.301222 2
0.06 0.046 0.00549779 0.175 0.121347 0.296347 7
0 0.014 0.00549779 0.025 0.234467 0.259467 1
0.03 0.016 0 0.1 0.193294 0.293294 4
0.04 0.026 0 0.125 0.168412 0.293412 5
0.046 0.06 0.00549779 0.175 0.121347 0.296347 7
0.02 0.02 0 0.05 0.2 0.25 2
0.03 0.03 0 0.075 0.175 0.25 3
0.03 0.03 -0.00549779 0.075 0.176741 0.251741 3
0.006 0.02 0 0.075 0.218203 0.293203 3
0 0.02 -0.00549779 0.05 0.227733 0.277733 2
0.07 0.07 0 0.175 0.075 0.25 7
-0.01 -0.01 -0.00549779 0.025 0.276111 0.301111 1
0.03 0.05 0 0.125 0.152069 0.277069 5
0.05 0.036 0 0.15 0.143571 0.293571 6
0.04 0.026 0.00549779 0.125 0.17022 0.29522 5
-0.014 0 0 0.025 0.268072 0.293072 1
0.024 0.01 0 0.05 0.208237 0.258237 2
0 -0.014 0.00549779 0.025 0.269212 0.294212 1
0.01 0.024 0 0.05 0.208237 0.258237 2
0.03 0.05 -0.00549779 0.125 0.15407 0.27907 5
0.02 0.006 0 0.075 0.218203 0.293203 3
0.01 -0.01 -0.00549779 0.025 0.252463 0.277463 1
0.08 0.094 0 0.225 0.0369121 0.261912 9
0.006 0.02 0.00549779 0.075 0.219602 0.294602 3
-0.004 0.01 -0.00549779 0.05 0.244387 0.294387 2
0.06 0.046 0 0.175 0.118796 0.293796 7
0.03 0.016 0.00549779 0.1 0.194872 0.294872 4
0.04 0.026 -0.00549779 0.125 0.17022 0.29522 5
0.024 0.01 0.00549779 0.05 0.209702 0.259702 2
0.01 0.03 0.00549779 0.075 0.20307 0.27807 3
0.006 0.02 -0.00549779 0.075 0.219602 0.294602 3
-0.014 0 -0.00549779 0.025 0.269212 0.294212 1
0.02 0.006 -0.00549779 0.075 0.219602 0.294602 3
0.05 0.036 -0.00549779 0.15 0.145688 0.295688 6
0.066 0.08 0 0.225 0.0697316 0.294732 9
0.02 0.006 0.00549779 0.075 0.219602 0.294602 3
0.04 0.04 0 0.1 0.15 0.25 4
0.06 0.06 0 0.15 0.1 0.25 6
0.03 0.01 0 0.075 0.201556 0.276556 3
0.056 0.07 -0.00549779 0.2 0.0973396 0.29734 8
0.03 0.01 0.00549779 0.075 0.20307 0.27807 3
-0.01 0.01 -0.00549779 0.025 0.252463 0.277463 1
0.04 0.04 0.00549779 0.1 0.152028 0.252028 4
0.08 0.066 0.00549779 0.225 0.0739932 0.298993 9
0.03 0.044 0.00549779 0.1 0.16039 0.26039 4
0.02 0.034 0.00549779 0.075 0.185 0.26 3
0.05 0.05 -0.00549779 0.125 0.127426 0.252426 5
0.02 0.04 -0.00549779 0.1 0.178501 0.278501 4
0.044 0.03 0 0.1 0.158469 0.258469 4
0.05 0.05 0 0.125 0.125 0.25 5
0.026 0.04 0 0.125 0.168412 0.293412 5
0.014 0 0 0.025 0.233158 0.258158 1
0.02 0.04 0 0.1 0.176777 0.276777 4
0.014 0 -0.00549779 0.025 0.234467 0.259467 1
0 -0.014 0 0.025 0.268072 0.293072 1
0.02 0.04 0.00549779 0.1 0.178501 0.278501 4
0 0.02 0.00549779 0.05 0.227733 0.277733 2
-0.014 0 0.00549779 0.025 0.269212 0.294212 1
0.01 -0.01 0 0.025 0.251247 0.276247 1
0.016 0.03 -0.00549779 0.1 0.194872 0.294872 4
0.016 0.03 0 0.1 0.193294 0.293294 4
0.064 0.05 0.00549779 0.15 0.111692 0.261692 6
0.016 0.03 0.00549779 0.1 0.194872 0.294872 4
0.094 0.08 0.00549779 0.225 0.044441 0.269441 9
0.056 0.07 0.00549779 0.2 0.0973396 0.29734 8
0.04 0.02 -0.00549779 0.1 0.178501 0.278501 4
0.01 -0.01 0.00549779 0.025 0.252463 0.277463 1
0.04 0.06 0 0.15 0.127475 0.277475 6
0.04 0.02 0 0.1 0.176777 0.276777 4
-0.01 0.01 0.00549779 0.025 0.252463 0.277463 1
0.054 0.04 -0.00549779 0.125 0.135923 0.260923 5
0.08 0.08 0.00549779 0.2 0.0557898 0.25579 8
0 0 0 0 0.25 0.25 0
0.054 0.04 0 0.125 0.133651 0.258651 5
0.054 0.04 0.00549779 0.125 0.135923 0.260923 5
0.044 0.03 0.00549779 0.1 0.16039 0.26039 4
0.05 0.05 0.00549779 0.125 0.127426 0.252426 5
0.06 0.06 0.00549779 0.15 0.103017 0.253017 6
0.05 0.064 0.00549779 0.15 0.111692 0.261692 6
0.03 0.05 0.00549779 0.125 0.15407 0.27907 5
0.026 0.04 -0.00549779 0.125 0.17022 0.29522 5
0.046 0.06 0 0.175 0.118796 0.293796 7
0.02 0.02 0.00549779 0.05 0.201525 0.251525 2
0.05 0.03 0 0.125 0.152069 0.277069 5
-0.01 -0.01 0.00549779 0.025 0.276111 0.301111 1
0.05 0.03 0.00549779 0.125 0.15407 0.27907 5
0.07 0.056 -0.00549779 0.2 0.0973396 0.29734 8
-0.01 -0.01 0 0.025 0.275 0.3 1
0.04 0.02 0.00549779 0.1 0.178501 0.278501 4
0.064 0.05 0 0.15 0.108915 0.258915 6
0.046 0.06 -0.00549779 0.175 0.121347 0.296347 7
0.074 0.06 -0.00549779 0.175 0.087892 0.262892 7
0.06 0.06 -0.00549779 0.15 0.103017 0.253017 6
0.05 0.064 -0.00549779 0.15 0.111692 0.261692 6
0.04 0.06 -0.00549779 0.15 0.129856 0.279856 6
0.03 0.01 -0.00549779 0.075 0.20307 0.27807 3
0.04 0.06 0.00549779 0.15 0.129856 0.279856 6
0.04 0.054 0 0.125 0.133651 0.258651 5
0.036 0.05 -0.00549779 0.15 0.145688 0.295688 6
0.036 0.05 0.00549779 0.15 0.145688 0.295688 6
