UnitreeA1MuJoCoRobot created
Gait loaded
Gait duration: 1000
Stance duration: 1000
Swing duration: 0
MPCPlanner created
Gait set
Simulation started
---
k: 0
xref:   0.0136526  0.00436082    0.272682 -0.00208583  -0.0136517   0.0138119   0.0127652 -0.00729365   -0.026226   0.0268029   0.0671032 -0.00539375           1
Q:  0  0  0  0  0  0  0  0  0  0  0  0  0
 0  0  0  0  0  0  0  0  0  0  0  0  0
 0  0 50  0  0  0  0  0  0  0  0  0  0
 0  0  0  0  0  0  0  0  0  0  0  0  0
 0  0  0  0  0  0  0  0  0  0  0  0  0
 0  0  0  0  0  1  0  0  0  0  0  0  0
 0  0  0  0  0  0  1  0  0  0  0  0  0
 0  0  0  0  0  0  0  0  0  0  0  0  0
 0  0  0  0  0  0  0  0  0  0  0  0  0
 0  0  0  0  0  0  0  0  0  0  0  0  0
 0  0  0  0  0  0  0  0  0  0  0  0  0
 0  0  0  0  0  0  0  0  0  0  0  1  0
 0  0  0  0  0  0  0  0  0  0  0  0  0
x_min: -inf -inf -inf -inf -inf -inf -inf -inf -inf -inf -inf -inf    1
x_max: inf inf inf inf inf inf inf inf inf inf inf inf   1
---
k: 1
xref:  0.0142908 0.00435588       0.27          0          0  0.0135422          0          0          0          0          0          0          1
Q:  0  0  0  0  0  0  0  0  0  0  0  0  0
 0  0  0  0  0  0  0  0  0  0  0  0  0
 0  0 50  0  0  0  0  0  0  0  0  0  0
 0  0  0  0  0  0  0  0  0  0  0  0  0
 0  0  0  0  0  0  0  0  0  0  0  0  0
 0  0  0  0  0  1  0  0  0  0  0  0  0
 0  0  0  0  0  0  1  0  0  0  0  0  0
 0  0  0  0  0  0  0  0  0  0  0  0  0
 0  0  0  0  0  0  0  0  0  0  0  0  0
 0  0  0  0  0  0  0  0  0  0  0  0  0
 0  0  0  0  0  0  0  0  0  0  0  0  0
 0  0  0  0  0  0  0  0  0  0  0  1  0
 0  0  0  0  0  0  0  0  0  0  0  0  0
x_min: -inf -inf -inf -inf -inf -inf -inf -inf -inf -inf -inf -inf    1
x_max: inf inf inf inf inf inf inf inf inf inf inf inf   1
---
k: 2
xref:  0.0142908 0.00435588       0.27          0          0  0.0135422          0          0          0          0          0          0          1
Q:  0  0  0  0  0  0  0  0  0  0  0  0  0
 0  0  0  0  0  0  0  0  0  0  0  0  0
 0  0 50  0  0  0  0  0  0  0  0  0  0
 0  0  0  0  0  0  0  0  0  0  0  0  0
 0  0  0  0  0  0  0  0  0  0  0  0  0
 0  0  0  0  0  1  0  0  0  0  0  0  0
 0  0  0  0  0  0  1  0  0  0  0  0  0
 0  0  0  0  0  0  0  0  0  0  0  0  0
 0  0  0  0  0  0  0  0  0  0  0  0  0
 0  0  0  0  0  0  0  0  0  0  0  0  0
 0  0  0  0  0  0  0  0  0  0  0  0  0
 0  0  0  0  0  0  0  0  0  0  0  1  0
 0  0  0  0  0  0  0  0  0  0  0  0  0
x_min: -inf -inf -inf -inf -inf -inf -inf -inf -inf -inf -inf -inf    1
x_max: inf inf inf inf inf inf inf inf inf inf inf inf   1
---
k: 3
xref:  0.0142908 0.00435588       0.27          0          0  0.0135422          0          0          0          0          0          0          1
Q:  0  0  0  0  0  0  0  0  0  0  0  0  0
 0  0  0  0  0  0  0  0  0  0  0  0  0
 0  0 50  0  0  0  0  0  0  0  0  0  0
 0  0  0  0  0  0  0  0  0  0  0  0  0
 0  0  0  0  0  0  0  0  0  0  0  0  0
 0  0  0  0  0  1  0  0  0  0  0  0  0
 0  0  0  0  0  0  1  0  0  0  0  0  0
 0  0  0  0  0  0  0  0  0  0  0  0  0
 0  0  0  0  0  0  0  0  0  0  0  0  0
 0  0  0  0  0  0  0  0  0  0  0  0  0
 0  0  0  0  0  0  0  0  0  0  0  0  0
 0  0  0  0  0  0  0  0  0  0  0  1  0
 0  0  0  0  0  0  0  0  0  0  0  0  0
x_min: -inf -inf -inf -inf -inf -inf -inf -inf -inf -inf -inf -inf    1
x_max: inf inf inf inf inf inf inf inf inf inf inf inf   1
---
k: 4
xref:  0.0142908 0.00435588       0.27          0          0  0.0135422          0          0          0          0          0          0          1
Q:  0  0  0  0  0  0  0  0  0  0  0  0  0
 0  0  0  0  0  0  0  0  0  0  0  0  0
 0  0 50  0  0  0  0  0  0  0  0  0  0
 0  0  0  0  0  0  0  0  0  0  0  0  0
 0  0  0  0  0  0  0  0  0  0  0  0  0
 0  0  0  0  0  1  0  0  0  0  0  0  0
 0  0  0  0  0  0  1  0  0  0  0  0  0
 0  0  0  0  0  0  0  0  0  0  0  0  0
 0  0  0  0  0  0  0  0  0  0  0  0  0
 0  0  0  0  0  0  0  0  0  0  0  0  0
 0  0  0  0  0  0  0  0  0  0  0  0  0
 0  0  0  0  0  0  0  0  0  0  0  1  0
 0  0  0  0  0  0  0  0  0  0  0  0  0
x_min: -inf -inf -inf -inf -inf -inf -inf -inf -inf -inf -inf -inf    1
x_max: inf inf inf inf inf inf inf inf inf inf inf inf   1
---
k: 5
xref:  0.0142908 0.00435588       0.27          0          0  0.0135422          0          0          0          0          0          0          1
Q:  0  0  0  0  0  0  0  0  0  0  0  0  0
 0  0  0  0  0  0  0  0  0  0  0  0  0
 0  0 50  0  0  0  0  0  0  0  0  0  0
 0  0  0  0  0  0  0  0  0  0  0  0  0
 0  0  0  0  0  0  0  0  0  0  0  0  0
 0  0  0  0  0  1  0  0  0  0  0  0  0
 0  0  0  0  0  0  1  0  0  0  0  0  0
 0  0  0  0  0  0  0  0  0  0  0  0  0
 0  0  0  0  0  0  0  0  0  0  0  0  0
 0  0  0  0  0  0  0  0  0  0  0  0  0
 0  0  0  0  0  0  0  0  0  0  0  0  0
 0  0  0  0  0  0  0  0  0  0  0  1  0
 0  0  0  0  0  0  0  0  0  0  0  0  0
x_min: -inf -inf -inf -inf -inf -inf -inf -inf -inf -inf -inf -inf    1
x_max: inf inf inf inf inf inf inf inf inf inf inf inf   1
---
k: 6
xref:  0.0142908 0.00435588       0.27          0          0  0.0135422          0          0          0          0          0          0          1
Q:  0  0  0  0  0  0  0  0  0  0  0  0  0
 0  0  0  0  0  0  0  0  0  0  0  0  0
 0  0 50  0  0  0  0  0  0  0  0  0  0
 0  0  0  0  0  0  0  0  0  0  0  0  0
 0  0  0  0  0  0  0  0  0  0  0  0  0
 0  0  0  0  0  1  0  0  0  0  0  0  0
 0  0  0  0  0  0  1  0  0  0  0  0  0
 0  0  0  0  0  0  0  0  0  0  0  0  0
 0  0  0  0  0  0  0  0  0  0  0  0  0
 0  0  0  0  0  0  0  0  0  0  0  0  0
 0  0  0  0  0  0  0  0  0  0  0  0  0
 0  0  0  0  0  0  0  0  0  0  0  1  0
 0  0  0  0  0  0  0  0  0  0  0  0  0
x_min: -inf -inf -inf -inf -inf -inf -inf -inf -inf -inf -inf -inf    1
x_max: inf inf inf inf inf inf inf inf inf inf inf inf   1
---
k: 7
xref:  0.0142908 0.00435588       0.27          0          0  0.0135422          0          0          0          0          0          0          1
Q:  0  0  0  0  0  0  0  0  0  0  0  0  0
 0  0  0  0  0  0  0  0  0  0  0  0  0
 0  0 50  0  0  0  0  0  0  0  0  0  0
 0  0  0  0  0  0  0  0  0  0  0  0  0
 0  0  0  0  0  0  0  0  0  0  0  0  0
 0  0  0  0  0  1  0  0  0  0  0  0  0
 0  0  0  0  0  0  1  0  0  0  0  0  0
 0  0  0  0  0  0  0  0  0  0  0  0  0
 0  0  0  0  0  0  0  0  0  0  0  0  0
 0  0  0  0  0  0  0  0  0  0  0  0  0
 0  0  0  0  0  0  0  0  0  0  0  0  0
 0  0  0  0  0  0  0  0  0  0  0  1  0
 0  0  0  0  0  0  0  0  0  0  0  0  0
x_min: -inf -inf -inf -inf -inf -inf -inf -inf -inf -inf -inf -inf    1
x_max: inf inf inf inf inf inf inf inf inf inf inf inf   1
---
k: 8
xref:  0.0142908 0.00435588       0.27          0          0  0.0135422          0          0          0          0          0          0          1
Q:  0  0  0  0  0  0  0  0  0  0  0  0  0
 0  0  0  0  0  0  0  0  0  0  0  0  0
 0  0 50  0  0  0  0  0  0  0  0  0  0
 0  0  0  0  0  0  0  0  0  0  0  0  0
 0  0  0  0  0  0  0  0  0  0  0  0  0
 0  0  0  0  0  1  0  0  0  0  0  0  0
 0  0  0  0  0  0  1  0  0  0  0  0  0
 0  0  0  0  0  0  0  0  0  0  0  0  0
 0  0  0  0  0  0  0  0  0  0  0  0  0
 0  0  0  0  0  0  0  0  0  0  0  0  0
 0  0  0  0  0  0  0  0  0  0  0  0  0
 0  0  0  0  0  0  0  0  0  0  0  1  0
 0  0  0  0  0  0  0  0  0  0  0  0  0
x_min: -inf -inf -inf -inf -inf -inf -inf -inf -inf -inf -inf -inf    1
x_max: inf inf inf inf inf inf inf inf inf inf inf inf   1
---
k: 9
xref:  0.0142908 0.00435588       0.27          0          0  0.0135422          0          0          0          0          0          0          1
Q:  0  0  0  0  0  0  0  0  0  0  0  0  0
 0  0  0  0  0  0  0  0  0  0  0  0  0
 0  0 50  0  0  0  0  0  0  0  0  0  0
 0  0  0  0  0  0  0  0  0  0  0  0  0
 0  0  0  0  0  0  0  0  0  0  0  0  0
 0  0  0  0  0  1  0  0  0  0  0  0  0
 0  0  0  0  0  0  1  0  0  0  0  0  0
 0  0  0  0  0  0  0  0  0  0  0  0  0
 0  0  0  0  0  0  0  0  0  0  0  0  0
 0  0  0  0  0  0  0  0  0  0  0  0  0
 0  0  0  0  0  0  0  0  0  0  0  0  0
 0  0  0  0  0  0  0  0  0  0  0  1  0
 0  0  0  0  0  0  0  0  0  0  0  0  0
x_min: -inf -inf -inf -inf -inf -inf -inf -inf -inf -inf -inf -inf    1
x_max: inf inf inf inf inf inf inf inf inf inf inf inf   1
---
k: 10
xref:  0.0142908 0.00435588       0.27          0          0  0.0135422          0          0          0          0          0          0          1
Q:  0  0  0  0  0  0  0  0  0  0  0  0  0
 0  0  0  0  0  0  0  0  0  0  0  0  0
 0  0 50  0  0  0  0  0  0  0  0  0  0
 0  0  0  0  0  0  0  0  0  0  0  0  0
 0  0  0  0  0  0  0  0  0  0  0  0  0
 0  0  0  0  0  1  0  0  0  0  0  0  0
 0  0  0  0  0  0  1  0  0  0  0  0  0
 0  0  0  0  0  0  0  0  0  0  0  0  0
 0  0  0  0  0  0  0  0  0  0  0  0  0
 0  0  0  0  0  0  0  0  0  0  0  0  0
 0  0  0  0  0  0  0  0  0  0  0  0  0
 0  0  0  0  0  0  0  0  0  0  0  1  0
 0  0  0  0  0  0  0  0  0  0  0  0  0
x_min: -inf -inf -inf -inf -inf -inf -inf -inf -inf -inf -inf -inf    1
x_max: inf inf inf inf inf inf inf inf inf inf inf inf   1
---
k: 0
phi: 0.0138119
Rz:   0.999905 -0.0138115          0
 0.0138115   0.999905          0
         0          0          1
g:     0     0 -9.81
A:          0          0          0          0          0          0   0.999905 -0.0138115          0          0          0          0          0
         0          0          0          0          0          0  0.0138115   0.999905          0          0          0          0          0
         0          0          0          0          0          0          0          0          1          0          0          0          0
         0          0          0          0          0          0          0          0          0          1          0          0          0
         0          0          0          0          0          0          0          0          0          0          1          0          0
         0          0          0          0          0          0          0          0          0          0          0          1          0
         0          0          0          0          0          0          0          0          0          0          0          0          0
         0          0          0          0          0          0          0          0          0          0          0          0          0
         0          0          0          0          0          0          0          0          0          0          0          0          0
         0          0          0          0          0          0          0          0          0          0          0          0          0
         0          0          0          0          0          0          0          0          0          0          0          0          0
         0          0          0          0          0          0          0          0          0          0          0          0          0
         0          0          0          0          0          0          0          0          0          0          0          0      -9.81
n_legs: 4
inv_m: 0.212179
I:    0.0158585 -0.000339672 -6.07144e-05
-0.000339672    0.0377947 -2.83413e-05
-6.07144e-05 -2.83413e-05    0.0456542
inv_I:   63.0701  0.566894 0.0842273
 0.566894   26.4638 0.0171822
0.0842273 0.0171822   21.9039
foot_position:   0.189683   0.138433 0.00989413
r:   0.17603  0.134073 -0.262788
skew_r:         0  0.262788  0.134073
-0.262788         0  -0.17603
-0.134073   0.17603         0
inv_I_skew_r:  -0.160266    16.5889    8.35618
  -6.95669   0.151998   -4.58243
  -2.94123    3.87789 0.00826799
foot_position: -0.153736  0.135806 0.0100595
r: -0.167389  0.131445 -0.262623
skew_r:         0  0.262623  0.131445
-0.262623         0  0.167389
-0.131445 -0.167389         0
inv_I_skew_r: -0.159951   16.5496   8.38515
 -6.95227  0.146003   4.50427
 -2.88367  -3.64435 0.0139474
foot_position: -0.152196 -0.132728  0.010101
r: -0.165848 -0.137089 -0.262581
skew_r:         0  0.262581 -0.137089
-0.262581         0  0.165848
 0.137089 -0.165848         0
inv_I_skew_r:   -0.137309     16.5471    -8.55222
   -6.94656    0.146006     4.31127
    2.99828    -3.61061 -0.00869702
foot_position:  0.193284 -0.124881 0.0100031
r:  0.179632 -0.129242 -0.262679
skew_r:         0  0.262679 -0.129242
-0.262679         0 -0.179632
 0.129242  0.179632         0
inv_I_skew_r:  -0.138026    16.5823   -8.25314
  -6.94928   0.151998   -4.82701
   2.82639    3.95676 -0.0139722
B:           0           0           0           0           0           0           0           0           0           0           0           0
          0           0           0           0           0           0           0           0           0           0           0           0
          0           0           0           0           0           0           0           0           0           0           0           0
          0           0           0           0           0           0           0           0           0           0           0           0
          0           0           0           0           0           0           0           0           0           0           0           0
          0           0           0           0           0           0           0           0           0           0           0           0
  -0.160266     16.5889     8.35618   -0.159951     16.5496     8.38515   -0.137309     16.5471    -8.55222   -0.138026     16.5823    -8.25314
   -6.95669    0.151998    -4.58243    -6.95227    0.146003     4.50427    -6.94656    0.146006     4.31127    -6.94928    0.151998    -4.82701
   -2.94123     3.87789  0.00826799    -2.88367    -3.64435   0.0139474     2.99828    -3.61061 -0.00869702     2.82639     3.95676  -0.0139722
   0.212179           0           0    0.212179           0           0    0.212179           0           0    0.212179           0           0
          0    0.212179           0           0    0.212179           0           0    0.212179           0           0    0.212179           0
          0           0    0.212179           0           0    0.212179           0           0    0.212179           0           0    0.212179
          0           0           0           0           0           0           0           0           0           0           0           0
R: 0 0 0 0 0 0 0 0 0 0 0 0
0 0 0 0 0 0 0 0 0 0 0 0
0 0 0 0 0 0 0 0 0 0 0 0
0 0 0 0 0 0 0 0 0 0 0 0
0 0 0 0 0 0 0 0 0 0 0 0
0 0 0 0 0 0 0 0 0 0 0 0
0 0 0 0 0 0 0 0 0 0 0 0
0 0 0 0 0 0 0 0 0 0 0 0
0 0 0 0 0 0 0 0 0 0 0 0
0 0 0 0 0 0 0 0 0 0 0 0
0 0 0 0 0 0 0 0 0 0 0 0
0 0 0 0 0 0 0 0 0 0 0 0
---
k: 1
phi: 0.0135422
Rz:   0.999908 -0.0135418          0
 0.0135418   0.999908          0
         0          0          1
g:     0     0 -9.81
A:          0          0          0          0          0          0   0.999908 -0.0135418          0          0          0          0          0
         0          0          0          0          0          0  0.0135418   0.999908          0          0          0          0          0
         0          0          0          0          0          0          0          0          1          0          0          0          0
         0          0          0          0          0          0          0          0          0          1          0          0          0
         0          0          0          0          0          0          0          0          0          0          1          0          0
         0          0          0          0          0          0          0          0          0          0          0          1          0
         0          0          0          0          0          0          0          0          0          0          0          0          0
         0          0          0          0          0          0          0          0          0          0          0          0          0
         0          0          0          0          0          0          0          0          0          0          0          0          0
         0          0          0          0          0          0          0          0          0          0          0          0          0
         0          0          0          0          0          0          0          0          0          0          0          0          0
         0          0          0          0          0          0          0          0          0          0          0          0          0
         0          0          0          0          0          0          0          0          0          0          0          0      -9.81
n_legs: 4
inv_m: 0.212179
I:    0.0158583 -0.000333756  -6.0722e-05
-0.000333756    0.0377949 -2.83249e-05
 -6.0722e-05 -2.83249e-05    0.0456542
inv_I:   63.0704  0.557021 0.0842319
 0.557021   26.4635 0.0171594
0.0842319 0.0171594   21.9039
foot_position:   0.189683   0.138433 0.00989413
r:  0.175392  0.134077 -0.260106
skew_r:         0  0.260106  0.134077
-0.260106         0 -0.175392
-0.134077  0.175392         0
inv_I_skew_r:  -0.156178    16.4198    8.35863
  -6.88562   0.147894   -4.56681
  -2.94128    3.86368 0.00828397
foot_position: -0.153736  0.135806 0.0100595
r: -0.168027   0.13145  -0.25994
skew_r:         0   0.25994   0.13145
 -0.25994         0  0.168027
 -0.13145 -0.168027         0
inv_I_skew_r: -0.155865   16.3804    8.3842
  -6.8812  0.141909   4.51981
 -2.88373  -3.65855 0.0139555
foot_position: -0.152196 -0.132728  0.010101
r: -0.166487 -0.137084 -0.259899
skew_r:         0  0.259899 -0.137084
-0.259899         0  0.166487
 0.137084 -0.166487         0
inv_I_skew_r:   -0.133222     16.3779    -8.55323
    -6.8755    0.141912     4.32947
    2.99822    -3.62482 -0.00869006
foot_position:  0.193284 -0.124881 0.0100031
r:  0.178993 -0.129237 -0.259997
skew_r:         0  0.259997 -0.129237
-0.259997         0 -0.178993
 0.129237  0.178993         0
inv_I_skew_r:  -0.133938    16.4132   -8.25074
  -6.87822   0.147895   -4.80878
   2.82634    3.94255 -0.0139573
B:           0           0           0           0           0           0           0           0           0           0           0           0
          0           0           0           0           0           0           0           0           0           0           0           0
          0           0           0           0           0           0           0           0           0           0           0           0
          0           0           0           0           0           0           0           0           0           0           0           0
          0           0           0           0           0           0           0           0           0           0           0           0
          0           0           0           0           0           0           0           0           0           0           0           0
  -0.156178     16.4198     8.35863   -0.155865     16.3804      8.3842   -0.133222     16.3779    -8.55323   -0.133938     16.4132    -8.25074
   -6.88562    0.147894    -4.56681     -6.8812    0.141909     4.51981     -6.8755    0.141912     4.32947    -6.87822    0.147895    -4.80878
   -2.94128     3.86368  0.00828397    -2.88373    -3.65855   0.0139555     2.99822    -3.62482 -0.00869006     2.82634     3.94255  -0.0139573
   0.212179           0           0    0.212179           0           0    0.212179           0           0    0.212179           0           0
          0    0.212179           0           0    0.212179           0           0    0.212179           0           0    0.212179           0
          0           0    0.212179           0           0    0.212179           0           0    0.212179           0           0    0.212179
          0           0           0           0           0           0           0           0           0           0           0           0
R: 0 0 0 0 0 0 0 0 0 0 0 0
0 0 0 0 0 0 0 0 0 0 0 0
0 0 0 0 0 0 0 0 0 0 0 0
0 0 0 0 0 0 0 0 0 0 0 0
0 0 0 0 0 0 0 0 0 0 0 0
0 0 0 0 0 0 0 0 0 0 0 0
0 0 0 0 0 0 0 0 0 0 0 0
0 0 0 0 0 0 0 0 0 0 0 0
0 0 0 0 0 0 0 0 0 0 0 0
0 0 0 0 0 0 0 0 0 0 0 0
0 0 0 0 0 0 0 0 0 0 0 0
0 0 0 0 0 0 0 0 0 0 0 0
---
k: 2
phi: 0.0135422
Rz:   0.999908 -0.0135418          0
 0.0135418   0.999908          0
         0          0          1
g:     0     0 -9.81
A:          0          0          0          0          0          0   0.999908 -0.0135418          0          0          0          0          0
         0          0          0          0          0          0  0.0135418   0.999908          0          0          0          0          0
         0          0          0          0          0          0          0          0          1          0          0          0          0
         0          0          0          0          0          0          0          0          0          1          0          0          0
         0          0          0          0          0          0          0          0          0          0          1          0          0
         0          0          0          0          0          0          0          0          0          0          0          1          0
         0          0          0          0          0          0          0          0          0          0          0          0          0
         0          0          0          0          0          0          0          0          0          0          0          0          0
         0          0          0          0          0          0          0          0          0          0          0          0          0
         0          0          0          0          0          0          0          0          0          0          0          0          0
         0          0          0          0          0          0          0          0          0          0          0          0          0
         0          0          0          0          0          0          0          0          0          0          0          0          0
         0          0          0          0          0          0          0          0          0          0          0          0      -9.81
n_legs: 4
inv_m: 0.212179
I:    0.0158583 -0.000333756  -6.0722e-05
-0.000333756    0.0377949 -2.83249e-05
 -6.0722e-05 -2.83249e-05    0.0456542
inv_I:   63.0704  0.557021 0.0842319
 0.557021   26.4635 0.0171594
0.0842319 0.0171594   21.9039
foot_position:   0.189683   0.138433 0.00989413
r:  0.175392  0.134077 -0.260106
skew_r:         0  0.260106  0.134077
-0.260106         0 -0.175392
-0.134077  0.175392         0
inv_I_skew_r:  -0.156178    16.4198    8.35863
  -6.88562   0.147894   -4.56681
  -2.94128    3.86368 0.00828397
foot_position: -0.153736  0.135806 0.0100595
r: -0.168027   0.13145  -0.25994
skew_r:         0   0.25994   0.13145
 -0.25994         0  0.168027
 -0.13145 -0.168027         0
inv_I_skew_r: -0.155865   16.3804    8.3842
  -6.8812  0.141909   4.51981
 -2.88373  -3.65855 0.0139555
foot_position: -0.152196 -0.132728  0.010101
r: -0.166487 -0.137084 -0.259899
skew_r:         0  0.259899 -0.137084
-0.259899         0  0.166487
 0.137084 -0.166487         0
inv_I_skew_r:   -0.133222     16.3779    -8.55323
    -6.8755    0.141912     4.32947
    2.99822    -3.62482 -0.00869006
foot_position:  0.193284 -0.124881 0.0100031
r:  0.178993 -0.129237 -0.259997
skew_r:         0  0.259997 -0.129237
-0.259997         0 -0.178993
 0.129237  0.178993         0
inv_I_skew_r:  -0.133938    16.4132   -8.25074
  -6.87822   0.147895   -4.80878
   2.82634    3.94255 -0.0139573
B:           0           0           0           0           0           0           0           0           0           0           0           0
          0           0           0           0           0           0           0           0           0           0           0           0
          0           0           0           0           0           0           0           0           0           0           0           0
          0           0           0           0           0           0           0           0           0           0           0           0
          0           0           0           0           0           0           0           0           0           0           0           0
          0           0           0           0           0           0           0           0           0           0           0           0
  -0.156178     16.4198     8.35863   -0.155865     16.3804      8.3842   -0.133222     16.3779    -8.55323   -0.133938     16.4132    -8.25074
   -6.88562    0.147894    -4.56681     -6.8812    0.141909     4.51981     -6.8755    0.141912     4.32947    -6.87822    0.147895    -4.80878
   -2.94128     3.86368  0.00828397    -2.88373    -3.65855   0.0139555     2.99822    -3.62482 -0.00869006     2.82634     3.94255  -0.0139573
   0.212179           0           0    0.212179           0           0    0.212179           0           0    0.212179           0           0
          0    0.212179           0           0    0.212179           0           0    0.212179           0           0    0.212179           0
          0           0    0.212179           0           0    0.212179           0           0    0.212179           0           0    0.212179
          0           0           0           0           0           0           0           0           0           0           0           0
R: 0 0 0 0 0 0 0 0 0 0 0 0
0 0 0 0 0 0 0 0 0 0 0 0
0 0 0 0 0 0 0 0 0 0 0 0
0 0 0 0 0 0 0 0 0 0 0 0
0 0 0 0 0 0 0 0 0 0 0 0
0 0 0 0 0 0 0 0 0 0 0 0
0 0 0 0 0 0 0 0 0 0 0 0
0 0 0 0 0 0 0 0 0 0 0 0
0 0 0 0 0 0 0 0 0 0 0 0
0 0 0 0 0 0 0 0 0 0 0 0
0 0 0 0 0 0 0 0 0 0 0 0
0 0 0 0 0 0 0 0 0 0 0 0
---
k: 3
phi: 0.0135422
Rz:   0.999908 -0.0135418          0
 0.0135418   0.999908          0
         0          0          1
g:     0     0 -9.81
A:          0          0          0          0          0          0   0.999908 -0.0135418          0          0          0          0          0
         0          0          0          0          0          0  0.0135418   0.999908          0          0          0          0          0
         0          0          0          0          0          0          0          0          1          0          0          0          0
         0          0          0          0          0          0          0          0          0          1          0          0          0
         0          0          0          0          0          0          0          0          0          0          1          0          0
         0          0          0          0          0          0          0          0          0          0          0          1          0
         0          0          0          0          0          0          0          0          0          0          0          0          0
         0          0          0          0          0          0          0          0          0          0          0          0          0
         0          0          0          0          0          0          0          0          0          0          0          0          0
         0          0          0          0          0          0          0          0          0          0          0          0          0
         0          0          0          0          0          0          0          0          0          0          0          0          0
         0          0          0          0          0          0          0          0          0          0          0          0          0
         0          0          0          0          0          0          0          0          0          0          0          0      -9.81
n_legs: 4
inv_m: 0.212179
I:    0.0158583 -0.000333756  -6.0722e-05
-0.000333756    0.0377949 -2.83249e-05
 -6.0722e-05 -2.83249e-05    0.0456542
inv_I:   63.0704  0.557021 0.0842319
 0.557021   26.4635 0.0171594
0.0842319 0.0171594   21.9039
foot_position:   0.189683   0.138433 0.00989413
r:  0.175392  0.134077 -0.260106
skew_r:         0  0.260106  0.134077
-0.260106         0 -0.175392
-0.134077  0.175392         0
inv_I_skew_r:  -0.156178    16.4198    8.35863
  -6.88562   0.147894   -4.56681
  -2.94128    3.86368 0.00828397
foot_position: -0.153736  0.135806 0.0100595
r: -0.168027   0.13145  -0.25994
skew_r:         0   0.25994   0.13145
 -0.25994         0  0.168027
 -0.13145 -0.168027         0
inv_I_skew_r: -0.155865   16.3804    8.3842
  -6.8812  0.141909   4.51981
 -2.88373  -3.65855 0.0139555
foot_position: -0.152196 -0.132728  0.010101
r: -0.166487 -0.137084 -0.259899
skew_r:         0  0.259899 -0.137084
-0.259899         0  0.166487
 0.137084 -0.166487         0
inv_I_skew_r:   -0.133222     16.3779    -8.55323
    -6.8755    0.141912     4.32947
    2.99822    -3.62482 -0.00869006
foot_position:  0.193284 -0.124881 0.0100031
r:  0.178993 -0.129237 -0.259997
skew_r:         0  0.259997 -0.129237
-0.259997         0 -0.178993
 0.129237  0.178993         0
inv_I_skew_r:  -0.133938    16.4132   -8.25074
  -6.87822   0.147895   -4.80878
   2.82634    3.94255 -0.0139573
B:           0           0           0           0           0           0           0           0           0           0           0           0
          0           0           0           0           0           0           0           0           0           0           0           0
          0           0           0           0           0           0           0           0           0           0           0           0
          0           0           0           0           0           0           0           0           0           0           0           0
          0           0           0           0           0           0           0           0           0           0           0           0
          0           0           0           0           0           0           0           0           0           0           0           0
  -0.156178     16.4198     8.35863   -0.155865     16.3804      8.3842   -0.133222     16.3779    -8.55323   -0.133938     16.4132    -8.25074
   -6.88562    0.147894    -4.56681     -6.8812    0.141909     4.51981     -6.8755    0.141912     4.32947    -6.87822    0.147895    -4.80878
   -2.94128     3.86368  0.00828397    -2.88373    -3.65855   0.0139555     2.99822    -3.62482 -0.00869006     2.82634     3.94255  -0.0139573
   0.212179           0           0    0.212179           0           0    0.212179           0           0    0.212179           0           0
          0    0.212179           0           0    0.212179           0           0    0.212179           0           0    0.212179           0
          0           0    0.212179           0           0    0.212179           0           0    0.212179           0           0    0.212179
          0           0           0           0           0           0           0           0           0           0           0           0
R: 0 0 0 0 0 0 0 0 0 0 0 0
0 0 0 0 0 0 0 0 0 0 0 0
0 0 0 0 0 0 0 0 0 0 0 0
0 0 0 0 0 0 0 0 0 0 0 0
0 0 0 0 0 0 0 0 0 0 0 0
0 0 0 0 0 0 0 0 0 0 0 0
0 0 0 0 0 0 0 0 0 0 0 0
0 0 0 0 0 0 0 0 0 0 0 0
0 0 0 0 0 0 0 0 0 0 0 0
0 0 0 0 0 0 0 0 0 0 0 0
0 0 0 0 0 0 0 0 0 0 0 0
0 0 0 0 0 0 0 0 0 0 0 0
---
k: 4
phi: 0.0135422
Rz:   0.999908 -0.0135418          0
 0.0135418   0.999908          0
         0          0          1
g:     0     0 -9.81
A:          0          0          0          0          0          0   0.999908 -0.0135418          0          0          0          0          0
         0          0          0          0          0          0  0.0135418   0.999908          0          0          0          0          0
         0          0          0          0          0          0          0          0          1          0          0          0          0
         0          0          0          0          0          0          0          0          0          1          0          0          0
         0          0          0          0          0          0          0          0          0          0          1          0          0
         0          0          0          0          0          0          0          0          0          0          0          1          0
         0          0          0          0          0          0          0          0          0          0          0          0          0
         0          0          0          0          0          0          0          0          0          0          0          0          0
         0          0          0          0          0          0          0          0          0          0          0          0          0
         0          0          0          0          0          0          0          0          0          0          0          0          0
         0          0          0          0          0          0          0          0          0          0          0          0          0
         0          0          0          0          0          0          0          0          0          0          0          0          0
         0          0          0          0          0          0          0          0          0          0          0          0      -9.81
n_legs: 4
inv_m: 0.212179
I:    0.0158583 -0.000333756  -6.0722e-05
-0.000333756    0.0377949 -2.83249e-05
 -6.0722e-05 -2.83249e-05    0.0456542
inv_I:   63.0704  0.557021 0.0842319
 0.557021   26.4635 0.0171594
0.0842319 0.0171594   21.9039
foot_position:   0.189683   0.138433 0.00989413
r:  0.175392  0.134077 -0.260106
skew_r:         0  0.260106  0.134077
-0.260106         0 -0.175392
-0.134077  0.175392         0
inv_I_skew_r:  -0.156178    16.4198    8.35863
  -6.88562   0.147894   -4.56681
  -2.94128    3.86368 0.00828397
foot_position: -0.153736  0.135806 0.0100595
r: -0.168027   0.13145  -0.25994
skew_r:         0   0.25994   0.13145
 -0.25994         0  0.168027
 -0.13145 -0.168027         0
inv_I_skew_r: -0.155865   16.3804    8.3842
  -6.8812  0.141909   4.51981
 -2.88373  -3.65855 0.0139555
foot_position: -0.152196 -0.132728  0.010101
r: -0.166487 -0.137084 -0.259899
skew_r:         0  0.259899 -0.137084
-0.259899         0  0.166487
 0.137084 -0.166487         0
inv_I_skew_r:   -0.133222     16.3779    -8.55323
    -6.8755    0.141912     4.32947
    2.99822    -3.62482 -0.00869006
foot_position:  0.193284 -0.124881 0.0100031
r:  0.178993 -0.129237 -0.259997
skew_r:         0  0.259997 -0.129237
-0.259997         0 -0.178993
 0.129237  0.178993         0
inv_I_skew_r:  -0.133938    16.4132   -8.25074
  -6.87822   0.147895   -4.80878
   2.82634    3.94255 -0.0139573
B:           0           0           0           0           0           0           0           0           0           0           0           0
          0           0           0           0           0           0           0           0           0           0           0           0
          0           0           0           0           0           0           0           0           0           0           0           0
          0           0           0           0           0           0           0           0           0           0           0           0
          0           0           0           0           0           0           0           0           0           0           0           0
          0           0           0           0           0           0           0           0           0           0           0           0
  -0.156178     16.4198     8.35863   -0.155865     16.3804      8.3842   -0.133222     16.3779    -8.55323   -0.133938     16.4132    -8.25074
   -6.88562    0.147894    -4.56681     -6.8812    0.141909     4.51981     -6.8755    0.141912     4.32947    -6.87822    0.147895    -4.80878
   -2.94128     3.86368  0.00828397    -2.88373    -3.65855   0.0139555     2.99822    -3.62482 -0.00869006     2.82634     3.94255  -0.0139573
   0.212179           0           0    0.212179           0           0    0.212179           0           0    0.212179           0           0
          0    0.212179           0           0    0.212179           0           0    0.212179           0           0    0.212179           0
          0           0    0.212179           0           0    0.212179           0           0    0.212179           0           0    0.212179
          0           0           0           0           0           0           0           0           0           0           0           0
R: 0 0 0 0 0 0 0 0 0 0 0 0
0 0 0 0 0 0 0 0 0 0 0 0
0 0 0 0 0 0 0 0 0 0 0 0
0 0 0 0 0 0 0 0 0 0 0 0
0 0 0 0 0 0 0 0 0 0 0 0
0 0 0 0 0 0 0 0 0 0 0 0
0 0 0 0 0 0 0 0 0 0 0 0
0 0 0 0 0 0 0 0 0 0 0 0
0 0 0 0 0 0 0 0 0 0 0 0
0 0 0 0 0 0 0 0 0 0 0 0
0 0 0 0 0 0 0 0 0 0 0 0
0 0 0 0 0 0 0 0 0 0 0 0
---
k: 5
phi: 0.0135422
Rz:   0.999908 -0.0135418          0
 0.0135418   0.999908          0
         0          0          1
g:     0     0 -9.81
A:          0          0          0          0          0          0   0.999908 -0.0135418          0          0          0          0          0
         0          0          0          0          0          0  0.0135418   0.999908          0          0          0          0          0
         0          0          0          0          0          0          0          0          1          0          0          0          0
         0          0          0          0          0          0          0          0          0          1          0          0          0
         0          0          0          0          0          0          0          0          0          0          1          0          0
         0          0          0          0          0          0          0          0          0          0          0          1          0
         0          0          0          0          0          0          0          0          0          0          0          0          0
         0          0          0          0          0          0          0          0          0          0          0          0          0
         0          0          0          0          0          0          0          0          0          0          0          0          0
         0          0          0          0          0          0          0          0          0          0          0          0          0
         0          0          0          0          0          0          0          0          0          0          0          0          0
         0          0          0          0          0          0          0          0          0          0          0          0          0
         0          0          0          0          0          0          0          0          0          0          0          0      -9.81
n_legs: 4
inv_m: 0.212179
I:    0.0158583 -0.000333756  -6.0722e-05
-0.000333756    0.0377949 -2.83249e-05
 -6.0722e-05 -2.83249e-05    0.0456542
inv_I:   63.0704  0.557021 0.0842319
 0.557021   26.4635 0.0171594
0.0842319 0.0171594   21.9039
foot_position:   0.189683   0.138433 0.00989413
r:  0.175392  0.134077 -0.260106
skew_r:         0  0.260106  0.134077
-0.260106         0 -0.175392
-0.134077  0.175392         0
inv_I_skew_r:  -0.156178    16.4198    8.35863
  -6.88562   0.147894   -4.56681
  -2.94128    3.86368 0.00828397
foot_position: -0.153736  0.135806 0.0100595
r: -0.168027   0.13145  -0.25994
skew_r:         0   0.25994   0.13145
 -0.25994         0  0.168027
 -0.13145 -0.168027         0
inv_I_skew_r: -0.155865   16.3804    8.3842
  -6.8812  0.141909   4.51981
 -2.88373  -3.65855 0.0139555
foot_position: -0.152196 -0.132728  0.010101
r: -0.166487 -0.137084 -0.259899
skew_r:         0  0.259899 -0.137084
-0.259899         0  0.166487
 0.137084 -0.166487         0
inv_I_skew_r:   -0.133222     16.3779    -8.55323
    -6.8755    0.141912     4.32947
    2.99822    -3.62482 -0.00869006
foot_position:  0.193284 -0.124881 0.0100031
r:  0.178993 -0.129237 -0.259997
skew_r:         0  0.259997 -0.129237
-0.259997         0 -0.178993
 0.129237  0.178993         0
inv_I_skew_r:  -0.133938    16.4132   -8.25074
  -6.87822   0.147895   -4.80878
   2.82634    3.94255 -0.0139573
B:           0           0           0           0           0           0           0           0           0           0           0           0
          0           0           0           0           0           0           0           0           0           0           0           0
          0           0           0           0           0           0           0           0           0           0           0           0
          0           0           0           0           0           0           0           0           0           0           0           0
          0           0           0           0           0           0           0           0           0           0           0           0
          0           0           0           0           0           0           0           0           0           0           0           0
  -0.156178     16.4198     8.35863   -0.155865     16.3804      8.3842   -0.133222     16.3779    -8.55323   -0.133938     16.4132    -8.25074
   -6.88562    0.147894    -4.56681     -6.8812    0.141909     4.51981     -6.8755    0.141912     4.32947    -6.87822    0.147895    -4.80878
   -2.94128     3.86368  0.00828397    -2.88373    -3.65855   0.0139555     2.99822    -3.62482 -0.00869006     2.82634     3.94255  -0.0139573
   0.212179           0           0    0.212179           0           0    0.212179           0           0    0.212179           0           0
          0    0.212179           0           0    0.212179           0           0    0.212179           0           0    0.212179           0
          0           0    0.212179           0           0    0.212179           0           0    0.212179           0           0    0.212179
          0           0           0           0           0           0           0           0           0           0           0           0
R: 0 0 0 0 0 0 0 0 0 0 0 0
0 0 0 0 0 0 0 0 0 0 0 0
0 0 0 0 0 0 0 0 0 0 0 0
0 0 0 0 0 0 0 0 0 0 0 0
0 0 0 0 0 0 0 0 0 0 0 0
0 0 0 0 0 0 0 0 0 0 0 0
0 0 0 0 0 0 0 0 0 0 0 0
0 0 0 0 0 0 0 0 0 0 0 0
0 0 0 0 0 0 0 0 0 0 0 0
0 0 0 0 0 0 0 0 0 0 0 0
0 0 0 0 0 0 0 0 0 0 0 0
0 0 0 0 0 0 0 0 0 0 0 0
---
k: 6
phi: 0.0135422
Rz:   0.999908 -0.0135418          0
 0.0135418   0.999908          0
         0          0          1
g:     0     0 -9.81
A:          0          0          0          0          0          0   0.999908 -0.0135418          0          0          0          0          0
         0          0          0          0          0          0  0.0135418   0.999908          0          0          0          0          0
         0          0          0          0          0          0          0          0          1          0          0          0          0
         0          0          0          0          0          0          0          0          0          1          0          0          0
         0          0          0          0          0          0          0          0          0          0          1          0          0
         0          0          0          0          0          0          0          0          0          0          0          1          0
         0          0          0          0          0          0          0          0          0          0          0          0          0
         0          0          0          0          0          0          0          0          0          0          0          0          0
         0          0          0          0          0          0          0          0          0          0          0          0          0
         0          0          0          0          0          0          0          0          0          0          0          0          0
         0          0          0          0          0          0          0          0          0          0          0          0          0
         0          0          0          0          0          0          0          0          0          0          0          0          0
         0          0          0          0          0          0          0          0          0          0          0          0      -9.81
n_legs: 4
inv_m: 0.212179
I:    0.0158583 -0.000333756  -6.0722e-05
-0.000333756    0.0377949 -2.83249e-05
 -6.0722e-05 -2.83249e-05    0.0456542
inv_I:   63.0704  0.557021 0.0842319
 0.557021   26.4635 0.0171594
0.0842319 0.0171594   21.9039
foot_position:   0.189683   0.138433 0.00989413
r:  0.175392  0.134077 -0.260106
skew_r:         0  0.260106  0.134077
-0.260106         0 -0.175392
-0.134077  0.175392         0
inv_I_skew_r:  -0.156178    16.4198    8.35863
  -6.88562   0.147894   -4.56681
  -2.94128    3.86368 0.00828397
foot_position: -0.153736  0.135806 0.0100595
r: -0.168027   0.13145  -0.25994
skew_r:         0   0.25994   0.13145
 -0.25994         0  0.168027
 -0.13145 -0.168027         0
inv_I_skew_r: -0.155865   16.3804    8.3842
  -6.8812  0.141909   4.51981
 -2.88373  -3.65855 0.0139555
foot_position: -0.152196 -0.132728  0.010101
r: -0.166487 -0.137084 -0.259899
skew_r:         0  0.259899 -0.137084
-0.259899         0  0.166487
 0.137084 -0.166487         0
inv_I_skew_r:   -0.133222     16.3779    -8.55323
    -6.8755    0.141912     4.32947
    2.99822    -3.62482 -0.00869006
foot_position:  0.193284 -0.124881 0.0100031
r:  0.178993 -0.129237 -0.259997
skew_r:         0  0.259997 -0.129237
-0.259997         0 -0.178993
 0.129237  0.178993         0
inv_I_skew_r:  -0.133938    16.4132   -8.25074
  -6.87822   0.147895   -4.80878
   2.82634    3.94255 -0.0139573
B:           0           0           0           0           0           0           0           0           0           0           0           0
          0           0           0           0           0           0           0           0           0           0           0           0
          0           0           0           0           0           0           0           0           0           0           0           0
          0           0           0           0           0           0           0           0           0           0           0           0
          0           0           0           0           0           0           0           0           0           0           0           0
          0           0           0           0           0           0           0           0           0           0           0           0
  -0.156178     16.4198     8.35863   -0.155865     16.3804      8.3842   -0.133222     16.3779    -8.55323   -0.133938     16.4132    -8.25074
   -6.88562    0.147894    -4.56681     -6.8812    0.141909     4.51981     -6.8755    0.141912     4.32947    -6.87822    0.147895    -4.80878
   -2.94128     3.86368  0.00828397    -2.88373    -3.65855   0.0139555     2.99822    -3.62482 -0.00869006     2.82634     3.94255  -0.0139573
   0.212179           0           0    0.212179           0           0    0.212179           0           0    0.212179           0           0
          0    0.212179           0           0    0.212179           0           0    0.212179           0           0    0.212179           0
          0           0    0.212179           0           0    0.212179           0           0    0.212179           0           0    0.212179
          0           0           0           0           0           0           0           0           0           0           0           0
R: 0 0 0 0 0 0 0 0 0 0 0 0
0 0 0 0 0 0 0 0 0 0 0 0
0 0 0 0 0 0 0 0 0 0 0 0
0 0 0 0 0 0 0 0 0 0 0 0
0 0 0 0 0 0 0 0 0 0 0 0
0 0 0 0 0 0 0 0 0 0 0 0
0 0 0 0 0 0 0 0 0 0 0 0
0 0 0 0 0 0 0 0 0 0 0 0
0 0 0 0 0 0 0 0 0 0 0 0
0 0 0 0 0 0 0 0 0 0 0 0
0 0 0 0 0 0 0 0 0 0 0 0
0 0 0 0 0 0 0 0 0 0 0 0
---
k: 7
phi: 0.0135422
Rz:   0.999908 -0.0135418          0
 0.0135418   0.999908          0
         0          0          1
g:     0     0 -9.81
A:          0          0          0          0          0          0   0.999908 -0.0135418          0          0          0          0          0
         0          0          0          0          0          0  0.0135418   0.999908          0          0          0          0          0
         0          0          0          0          0          0          0          0          1          0          0          0          0
         0          0          0          0          0          0          0          0          0          1          0          0          0
         0          0          0          0          0          0          0          0          0          0          1          0          0
         0          0          0          0          0          0          0          0          0          0          0          1          0
         0          0          0          0          0          0          0          0          0          0          0          0          0
         0          0          0          0          0          0          0          0          0          0          0          0          0
         0          0          0          0          0          0          0          0          0          0          0          0          0
         0          0          0          0          0          0          0          0          0          0          0          0          0
         0          0          0          0          0          0          0          0          0          0          0          0          0
         0          0          0          0          0          0          0          0          0          0          0          0          0
         0          0          0          0          0          0          0          0          0          0          0          0      -9.81
n_legs: 4
inv_m: 0.212179
I:    0.0158583 -0.000333756  -6.0722e-05
-0.000333756    0.0377949 -2.83249e-05
 -6.0722e-05 -2.83249e-05    0.0456542
inv_I:   63.0704  0.557021 0.0842319
 0.557021   26.4635 0.0171594
0.0842319 0.0171594   21.9039
foot_position:   0.189683   0.138433 0.00989413
r:  0.175392  0.134077 -0.260106
skew_r:         0  0.260106  0.134077
-0.260106         0 -0.175392
-0.134077  0.175392         0
inv_I_skew_r:  -0.156178    16.4198    8.35863
  -6.88562   0.147894   -4.56681
  -2.94128    3.86368 0.00828397
foot_position: -0.153736  0.135806 0.0100595
r: -0.168027   0.13145  -0.25994
skew_r:         0   0.25994   0.13145
 -0.25994         0  0.168027
 -0.13145 -0.168027         0
inv_I_skew_r: -0.155865   16.3804    8.3842
  -6.8812  0.141909   4.51981
 -2.88373  -3.65855 0.0139555
foot_position: -0.152196 -0.132728  0.010101
r: -0.166487 -0.137084 -0.259899
skew_r:         0  0.259899 -0.137084
-0.259899         0  0.166487
 0.137084 -0.166487         0
inv_I_skew_r:   -0.133222     16.3779    -8.55323
    -6.8755    0.141912     4.32947
    2.99822    -3.62482 -0.00869006
foot_position:  0.193284 -0.124881 0.0100031
r:  0.178993 -0.129237 -0.259997
skew_r:         0  0.259997 -0.129237
-0.259997         0 -0.178993
 0.129237  0.178993         0
inv_I_skew_r:  -0.133938    16.4132   -8.25074
  -6.87822   0.147895   -4.80878
   2.82634    3.94255 -0.0139573
B:           0           0           0           0           0           0           0           0           0           0           0           0
          0           0           0           0           0           0           0           0           0           0           0           0
          0           0           0           0           0           0           0           0           0           0           0           0
          0           0           0           0           0           0           0           0           0           0           0           0
          0           0           0           0           0           0           0           0           0           0           0           0
          0           0           0           0           0           0           0           0           0           0           0           0
  -0.156178     16.4198     8.35863   -0.155865     16.3804      8.3842   -0.133222     16.3779    -8.55323   -0.133938     16.4132    -8.25074
   -6.88562    0.147894    -4.56681     -6.8812    0.141909     4.51981     -6.8755    0.141912     4.32947    -6.87822    0.147895    -4.80878
   -2.94128     3.86368  0.00828397    -2.88373    -3.65855   0.0139555     2.99822    -3.62482 -0.00869006     2.82634     3.94255  -0.0139573
   0.212179           0           0    0.212179           0           0    0.212179           0           0    0.212179           0           0
          0    0.212179           0           0    0.212179           0           0    0.212179           0           0    0.212179           0
          0           0    0.212179           0           0    0.212179           0           0    0.212179           0           0    0.212179
          0           0           0           0           0           0           0           0           0           0           0           0
R: 0 0 0 0 0 0 0 0 0 0 0 0
0 0 0 0 0 0 0 0 0 0 0 0
0 0 0 0 0 0 0 0 0 0 0 0
0 0 0 0 0 0 0 0 0 0 0 0
0 0 0 0 0 0 0 0 0 0 0 0
0 0 0 0 0 0 0 0 0 0 0 0
0 0 0 0 0 0 0 0 0 0 0 0
0 0 0 0 0 0 0 0 0 0 0 0
0 0 0 0 0 0 0 0 0 0 0 0
0 0 0 0 0 0 0 0 0 0 0 0
0 0 0 0 0 0 0 0 0 0 0 0
0 0 0 0 0 0 0 0 0 0 0 0
---
k: 8
phi: 0.0135422
Rz:   0.999908 -0.0135418          0
 0.0135418   0.999908          0
         0          0          1
g:     0     0 -9.81
A:          0          0          0          0          0          0   0.999908 -0.0135418          0          0          0          0          0
         0          0          0          0          0          0  0.0135418   0.999908          0          0          0          0          0
         0          0          0          0          0          0          0          0          1          0          0          0          0
         0          0          0          0          0          0          0          0          0          1          0          0          0
         0          0          0          0          0          0          0          0          0          0          1          0          0
         0          0          0          0          0          0          0          0          0          0          0          1          0
         0          0          0          0          0          0          0          0          0          0          0          0          0
         0          0          0          0          0          0          0          0          0          0          0          0          0
         0          0          0          0          0          0          0          0          0          0          0          0          0
         0          0          0          0          0          0          0          0          0          0          0          0          0
         0          0          0          0          0          0          0          0          0          0          0          0          0
         0          0          0          0          0          0          0          0          0          0          0          0          0
         0          0          0          0          0          0          0          0          0          0          0          0      -9.81
n_legs: 4
inv_m: 0.212179
I:    0.0158583 -0.000333756  -6.0722e-05
-0.000333756    0.0377949 -2.83249e-05
 -6.0722e-05 -2.83249e-05    0.0456542
inv_I:   63.0704  0.557021 0.0842319
 0.557021   26.4635 0.0171594
0.0842319 0.0171594   21.9039
foot_position:   0.189683   0.138433 0.00989413
r:  0.175392  0.134077 -0.260106
skew_r:         0  0.260106  0.134077
-0.260106         0 -0.175392
-0.134077  0.175392         0
inv_I_skew_r:  -0.156178    16.4198    8.35863
  -6.88562   0.147894   -4.56681
  -2.94128    3.86368 0.00828397
foot_position: -0.153736  0.135806 0.0100595
r: -0.168027   0.13145  -0.25994
skew_r:         0   0.25994   0.13145
 -0.25994         0  0.168027
 -0.13145 -0.168027         0
inv_I_skew_r: -0.155865   16.3804    8.3842
  -6.8812  0.141909   4.51981
 -2.88373  -3.65855 0.0139555
foot_position: -0.152196 -0.132728  0.010101
r: -0.166487 -0.137084 -0.259899
skew_r:         0  0.259899 -0.137084
-0.259899         0  0.166487
 0.137084 -0.166487         0
inv_I_skew_r:   -0.133222     16.3779    -8.55323
    -6.8755    0.141912     4.32947
    2.99822    -3.62482 -0.00869006
foot_position:  0.193284 -0.124881 0.0100031
r:  0.178993 -0.129237 -0.259997
skew_r:         0  0.259997 -0.129237
-0.259997         0 -0.178993
 0.129237  0.178993         0
inv_I_skew_r:  -0.133938    16.4132   -8.25074
  -6.87822   0.147895   -4.80878
   2.82634    3.94255 -0.0139573
B:           0           0           0           0           0           0           0           0           0           0           0           0
          0           0           0           0           0           0           0           0           0           0           0           0
          0           0           0           0           0           0           0           0           0           0           0           0
          0           0           0           0           0           0           0           0           0           0           0           0
          0           0           0           0           0           0           0           0           0           0           0           0
          0           0           0           0           0           0           0           0           0           0           0           0
  -0.156178     16.4198     8.35863   -0.155865     16.3804      8.3842   -0.133222     16.3779    -8.55323   -0.133938     16.4132    -8.25074
   -6.88562    0.147894    -4.56681     -6.8812    0.141909     4.51981     -6.8755    0.141912     4.32947    -6.87822    0.147895    -4.80878
   -2.94128     3.86368  0.00828397    -2.88373    -3.65855   0.0139555     2.99822    -3.62482 -0.00869006     2.82634     3.94255  -0.0139573
   0.212179           0           0    0.212179           0           0    0.212179           0           0    0.212179           0           0
          0    0.212179           0           0    0.212179           0           0    0.212179           0           0    0.212179           0
          0           0    0.212179           0           0    0.212179           0           0    0.212179           0           0    0.212179
          0           0           0           0           0           0           0           0           0           0           0           0
R: 0 0 0 0 0 0 0 0 0 0 0 0
0 0 0 0 0 0 0 0 0 0 0 0
0 0 0 0 0 0 0 0 0 0 0 0
0 0 0 0 0 0 0 0 0 0 0 0
0 0 0 0 0 0 0 0 0 0 0 0
0 0 0 0 0 0 0 0 0 0 0 0
0 0 0 0 0 0 0 0 0 0 0 0
0 0 0 0 0 0 0 0 0 0 0 0
0 0 0 0 0 0 0 0 0 0 0 0
0 0 0 0 0 0 0 0 0 0 0 0
0 0 0 0 0 0 0 0 0 0 0 0
0 0 0 0 0 0 0 0 0 0 0 0
---
k: 9
phi: 0.0135422
Rz:   0.999908 -0.0135418          0
 0.0135418   0.999908          0
         0          0          1
g:     0     0 -9.81
A:          0          0          0          0          0          0   0.999908 -0.0135418          0          0          0          0          0
         0          0          0          0          0          0  0.0135418   0.999908          0          0          0          0          0
         0          0          0          0          0          0          0          0          1          0          0          0          0
         0          0          0          0          0          0          0          0          0          1          0          0          0
         0          0          0          0          0          0          0          0          0          0          1          0          0
         0          0          0          0          0          0          0          0          0          0          0          1          0
         0          0          0          0          0          0          0          0          0          0          0          0          0
         0          0          0          0          0          0          0          0          0          0          0          0          0
         0          0          0          0          0          0          0          0          0          0          0          0          0
         0          0          0          0          0          0          0          0          0          0          0          0          0
         0          0          0          0          0          0          0          0          0          0          0          0          0
         0          0          0          0          0          0          0          0          0          0          0          0          0
         0          0          0          0          0          0          0          0          0          0          0          0      -9.81
n_legs: 4
inv_m: 0.212179
I:    0.0158583 -0.000333756  -6.0722e-05
-0.000333756    0.0377949 -2.83249e-05
 -6.0722e-05 -2.83249e-05    0.0456542
inv_I:   63.0704  0.557021 0.0842319
 0.557021   26.4635 0.0171594
0.0842319 0.0171594   21.9039
foot_position:   0.189683   0.138433 0.00989413
r:  0.175392  0.134077 -0.260106
skew_r:         0  0.260106  0.134077
-0.260106         0 -0.175392
-0.134077  0.175392         0
inv_I_skew_r:  -0.156178    16.4198    8.35863
  -6.88562   0.147894   -4.56681
  -2.94128    3.86368 0.00828397
foot_position: -0.153736  0.135806 0.0100595
r: -0.168027   0.13145  -0.25994
skew_r:         0   0.25994   0.13145
 -0.25994         0  0.168027
 -0.13145 -0.168027         0
inv_I_skew_r: -0.155865   16.3804    8.3842
  -6.8812  0.141909   4.51981
 -2.88373  -3.65855 0.0139555
foot_position: -0.152196 -0.132728  0.010101
r: -0.166487 -0.137084 -0.259899
skew_r:         0  0.259899 -0.137084
-0.259899         0  0.166487
 0.137084 -0.166487         0
inv_I_skew_r:   -0.133222     16.3779    -8.55323
    -6.8755    0.141912     4.32947
    2.99822    -3.62482 -0.00869006
foot_position:  0.193284 -0.124881 0.0100031
r:  0.178993 -0.129237 -0.259997
skew_r:         0  0.259997 -0.129237
-0.259997         0 -0.178993
 0.129237  0.178993         0
inv_I_skew_r:  -0.133938    16.4132   -8.25074
  -6.87822   0.147895   -4.80878
   2.82634    3.94255 -0.0139573
B:           0           0           0           0           0           0           0           0           0           0           0           0
          0           0           0           0           0           0           0           0           0           0           0           0
          0           0           0           0           0           0           0           0           0           0           0           0
          0           0           0           0           0           0           0           0           0           0           0           0
          0           0           0           0           0           0           0           0           0           0           0           0
          0           0           0           0           0           0           0           0           0           0           0           0
  -0.156178     16.4198     8.35863   -0.155865     16.3804      8.3842   -0.133222     16.3779    -8.55323   -0.133938     16.4132    -8.25074
   -6.88562    0.147894    -4.56681     -6.8812    0.141909     4.51981     -6.8755    0.141912     4.32947    -6.87822    0.147895    -4.80878
   -2.94128     3.86368  0.00828397    -2.88373    -3.65855   0.0139555     2.99822    -3.62482 -0.00869006     2.82634     3.94255  -0.0139573
   0.212179           0           0    0.212179           0           0    0.212179           0           0    0.212179           0           0
          0    0.212179           0           0    0.212179           0           0    0.212179           0           0    0.212179           0
          0           0    0.212179           0           0    0.212179           0           0    0.212179           0           0    0.212179
          0           0           0           0           0           0           0           0           0           0           0           0
R: 0 0 0 0 0 0 0 0 0 0 0 0
0 0 0 0 0 0 0 0 0 0 0 0
0 0 0 0 0 0 0 0 0 0 0 0
0 0 0 0 0 0 0 0 0 0 0 0
0 0 0 0 0 0 0 0 0 0 0 0
0 0 0 0 0 0 0 0 0 0 0 0
0 0 0 0 0 0 0 0 0 0 0 0
0 0 0 0 0 0 0 0 0 0 0 0
0 0 0 0 0 0 0 0 0 0 0 0
0 0 0 0 0 0 0 0 0 0 0 0
0 0 0 0 0 0 0 0 0 0 0 0
0 0 0 0 0 0 0 0 0 0 0 0
